INFORMATION ON MEASUREMENTS, SAMPLING, AND VOUCHERS


Below we present, for each studied species, leaf traits measured, total number of samples, and vouchers. All vouchers are given as barcodes for specimens deposited at the Jardim Botânico do Rio de Janeiro herbarium (RB).



## Inga Vera Willd. ##

LEAF TRAITS MEASURED: rachis length; rachis expansion width; blade length; blade width

TOTAL NUMBER OF SAMPLES (ONE LEAF PER VOUCHER): 110

VOUCHERS (RB BARCODES): 00162553; 00695162; 00162924; 00843527; 00843552; 00829863; 00829862; 00297819; 00836553; 00820724; 00483886; 00162616; 00522228; 00424213; 00160987; 00163121; 00163101; 00598776; 00163111; 00184036; 00534741; 00695198; 00161018; 00162647; 00865901; 00162625; 00609699; 00162674; 00163012; 00163089; 00877617; 00161051; 00585043; 00442914; 00162847; 00162678; 00162855; 00162499; 00162641; 00297895; 00163050; 00162569; 00591750; 00162807; 00162946; 00443096; 00442357; 00162552; 00545948; 00162696; 00766987; 00779255; 00831852; 00902571; 00859707; 00974258; 00812431; 00758388; 00162921; 00163071; 00162483; 00162642; 00172638; 00159985; 00443097; 00442781; 00442880; 00718029; 00162607; 00162660; 00162713; 00162765; 00442211; 00442231; 00441537; 00441543; 00162527; 00162540; 00162512; 00162701; 00162661; 00162694; 00162685; 00162571; 00356404; 00162671; 00441663; 00162599; 00162509; 00162741; 00161000; 00160966; 00162653; 00630789; 00162595; 00162585; 00162659; 00162605; 00163129; 00163164; 00162821; 00586888; 00162650; 00162662; 00491317; 00162872; 00162537; 00162604; 00162693; 00675187



## Ocotea divaricata Mez ##

LEAF TRAITS MEASURED: blade length; blade width; petiole length 

TOTAL NUMBER OF SAMPLES (ONE LEAF PER VOUCHER): 100

VOUCHERS (RB BARCODES): 00131239; 00131221; 00442196; 00128635; 00131209; 00131362; 00131150; 00131182; 00131196; 00131114; 00729275; 00729272; 00729269; 00420137; 00133396; 00442308; 00132970; 00736983; 00484053; 00134421; 00589287; 00589284; 00484057; 00131427; 00589279; 00131216; 00589297; 00559532; 00589288; 00523535; 00134364; 00131135; 00131385; 00720863; 00532419; 00485365; 00485346; 00485296; 00131256; 00131246; 00738439; 00485248; 00131205; 00709341; 00419920; 00420131; 00677229; 00677214; 00420143; 00131343; 00131377; 00131361; 00131275; 00581031; 00131311; 00131288; 00131306; 00131144; 00131284; 00131235; 00131121; 00131272; 00131168; 00729279; 00131185; 00131153; 00131334; 00134129; 00585099; 00585199; 00559730; 00131191; 00131167; 00131200; 00583290; 00131277; 00131264; 00526104; 00131373; 00131293; 00420012; 00521873; 00131289; 00356257; 00131381; 00131268; 00422989; 00485153; 00485170; 00485139; 00485341; 00485294; 00419702; 00419717; 00418703; 00131392; 00131397; 00475889; 00131348; 00475880



## Piper anisum (Spreng.) Angely ##

LEAF TRAITS MEASURED: blade length; blade width; petiole length 

TOTAL NUMBER OF SAMPLES (ONE LEAF PER VOUCHER): 80

VOUCHERS: 00897551; 00897555; 00520804; 00304001; 00421964; 00527778; 00520913; 00548684; 00566351; 00590648; 01075322; 01073822; 01073463; 00303998; 00304006; 00304003; 00303927; 00304078; 00304080; 00305142; 00511897; 00511929; 00511871; 00426122; 00423502; 00421949; 00421955; 00511884; 01076187; 01075282; 00304106; 00305018; 00736848; 00580696; 00304074; 01076184; 01022030; 01021977; 00874449; 00441249; 00305052; 00871919; 00305088; 00305062; 00305085; 01033944; 00549631; 00511908; 00511903; 00511916; 00305015; 00305024; 00305069; 00874400; 00874427; 00874425; 00738025; 00738037; 00304996; 00273106; 00303979; 00304044; 00303969; 00304097; 00304103; 00304040; 00304029; 00304208; 00304198; 00305011; 00304896; 00304111; 00304891; 00730195; 00730199; 00671552; 00737979; 00737964; 00305105; 00737971



## Smilax fluminensis Steud. ##

LEAF TRAITS MEASURED: blade length; blade width; lobe width; petiole length

TOTAL NUMBER OF SAMPLES (ONE LEAF PER VOUCHER): 86

VOUCHERS: 00856515; 00856479; 00633701; 00634613; 00634605; 00634660; 00634647; 00633723; 00632968; 00632903; 00712861; 00712847; 00712851; 00737230; 00678946; 00678944; 00678940; 00678937; 00678999; 00678995; 00633097; 00633058; 00441212; 00632940; 00632928; 00632911; 00632906; 01087431; 00633104; 00633025; 00678974; 00686112; 00633093; 00633088; 00633078; 00633071; 00383720; 00633061; 00633052; 00633116; 00914341; 00632972; 00632912; 00633075; 00633082; 00633064; 00633048; 00633042; 00679012; 00679002; 00632924; 00632917; 00587149; 00742162; 00742740; 00745954; 00678979; 00745942; 00712869; 00712865; 00633011; 00632999; 00632990; 00632961; 00678984; 00632941; 00632918; 00632969; 00632960; 00632952; 00633128; 00633123; 00633719; 00633101; 00633705; 00825069; 00745939; 00745904; 00792878; 00792880; 00633751; 00633750; 00633748; 00633768; 00882123; 01049437



## Sphagneticola trilobata (L.) Pruski) ##

LEAF TRAITS MEASURED: leaf length; apical width [apical lobe width]; lateral apex [lateral lobe side length, measured from the lobe base to its apex]; lateral width [lateral lobe width]

TOTAL NUMBER OF SAMPLES (ONE LEAF PER VOUCHER): 92

VOUCHERS: 00429541; 00429547; 00425773; 00425768; 00425712; 00425780; 00425825; 00425717; 00425853; 00426146; 00425820; 00426142; 00425805; 00425800; 00425794; 00425724; 00425727; 00425731; 00425721; 00425743; 00425822; 00425827; 00425847; 00425830; 00425815; 00426136; 00426129; 00426124; 00426116; 00425704; 00425718; 00425843; 00425839; 00425834; 00427437; 00426100; 00426096; 00426090; 00425715; 00425851; 01050242; 01010430; 00896642; 00413565; 00426024; 00555661; 00407758; 00428926; 00563266; 00472191; 00426105; 00426094; 00426097; 00426101; 00425816; 00432121; 00432139; 00432135; 00432116; 00432123; 00432099; 00425710; 00432122; 00425814; 00425810; 00425807; 00426092; 00426109; 00426103; 00432127; 00425708; 00425706; 00428963; 00428955; 00428960; 00428952; 00428943; 00432436; 00603015; 00425748; 00790948; 00856135; 00820859; 00777711; 00429823; 00431963; 00677133; 00687146; 00702790; 00677166; 00894968; 00808202





